50
982326 6796327 35
150974 8760270 14
696758 3773659 21
564835 4749922 36
272490 9393280 38
259060 5401839 4
647779 5697753 2
509565 2032984 33
88576 2808681 9
704664 7599290 27
670620 6070994 18
375620 5122465 40
552193 6585107 10
937884 1953337 44
593231 818416 25
569725 2673997 50
953096 2293415 20
801760 3381362 42
584941 9452504 12
643744 9032353 45
368425 2420040 17
489495 9139485 43
329182 8272342 32
313346 9340313 15
593341 9869344 28
388856 1961358 7
544510 9611926 41
650371 5674187 31
980514 3512236 3
998363 6497324 39
815113 6577654 46
79293 1812508 19
208748 1120468 37
999276 8598928 47
630505 654426 24
848229 2886970 6
705141 3496740 34
998072 1417601 48
253816 9061788 11
716219 8869780 49
430523 2643930 5
415976 5772642 29
539080 9805964 8
701041 7619167 22
4533 2412468 1
495344 4792474 26
100125 5000603 13
865633 4034854 23
694523 2223102 30
417028 4444466 16
68970 2154817
730340 8699900
596718 2851196
489495 9139485
797102 6495646
434193 5451774
815879 7937482
644307 4999784
647412 1196100
170758 8201642
854170 4417667
815113 6577654
504077 6829539
265403 4869224
541414 2884440
600380 8980513
854203 4037119
642610 5686229
222921 5598004
952467 3564107
347279 2910099
368425 2420040
891944 2880958
740760 1438111
173833 2647992
528146 6066282
289604 3900165
54839 9475125
61190 6155566
358751 2554770
313346 9340313
236485 3695048
170094 6157351
744330 9422650
558475 864230
151650 8924874
95234 4347758
440660 5878505
685266 5993013
488452 3226314
335763 6665907
532489 5181561
666740 195677
689382 2479492
984144 8833374
395574 840984
829451 3025656
918043 3481250
121796 7870457
557980 5535541
515337 499005
127938 4146533
17295 9725694
802401 4555318
480387 5685329
667779 5288951
78590 2242444
729085 1591048
926312 4319121
380639 4513680
396924 2812161
536635 5131277
332501 7795380
911949 494639
477357 4357144
801760 3381362
271532 9863653
388856 1961358
679464 3825322
746230 3590049
557961 9345154
446734 339014
953096 2293415
7642 221021
329182 8272342
131982 5563298
730846 4234795
980514 3512236
870886 954643
280750 24722
125919 2877766
620071 2514600
544510 9611926
479553 8004763
569725 2673997
9613 8092875
759682 3683051
754633 9484357
6466 8892646
888525 5380922
621591 3182965
990009 628702
584941 9452504
593341 9869344
297169 7218493
659092 6893060
312282 1253410
351945 9388485
643744 9032353
214620 5492592
612866 7019532
540322 8094838
291500 3450915
186011 9661988
789385 3470030
461544 9091404
650371 5674187
181074 5186041
797100 3515261
850707 7318324
721218 2784732
241838 7763050
92287 5848778
286201 6767911
998363 6497324
358096 9532117
-1 -1
