21 6 1313
5 4 1313
20 1 1920
6 5 1920
3 7 1920
13 2 1920
14 11 1313
21 3 1888
6 12 1920
8 4 1910
6 1 1797
1 6 1313
2 6 1889
6 2 1889
19 3 1797
3 11 1797
13 11 1313
12 10 1888
10 3 1313
27 2 1910
19 2 1920
11 9 1910
31 4 1888
16 3 1910
28 11 1888
30 11 1313
6 10 1313
10 9 1910
28 8 1900
22 8 1910
8 5 1920
6 3 1888
15 5 1313
26 4 1910
15 12 1888
16 10 1920
1 5 1313
10 6 1888
17 5 1910
5 3 1888
22 12 1910
21 4 1889
19 7 1797
22 2 1888
17 11 1313
17 10 1889
3 12 1889
19 10 1920
15 9 1797
24 11 1797
4 7 1797
31 3 1910
27 4 1313
9 9 1889
2 9 1910
26 6 1889
7 6 1910
26 10 1313
12 12 1920
2 12 1313
2 10 1888
17 3 1920
10 8 1797
14 4 1797
10 10 1313
22 5 1313
11 8 1910
5 11 1920
25 10 1888
19 1 1910
30 3 1797
20 7 1910
14 5 1889
11 3 1920
16 12 1313
27 7 1313
20 8 1313
6 6 1889
22 11 1910
23 5 1313
31 7 1797
18 12 1888
23 4 1797
19 6 1900
27 3 1889
1 3 1889
27 1 1920
25 8 1313
10 12 1889
7 5 1888
11 1 1920
11 11 1889
9 12 1900
25 2 1920
4 2 1797
3 10 1313
26 8 1313
12 2 1900
7 1 1797
24 3 1910
30 1 1920
24 7 1313
9 5 1889
13 6 1888
1 9 1920
26 2 1910
10 1 1910
28 1 1920
8 11 1920
20 10 1313
30 10 1888
13 7 1313
3 9 1888
26 12 1920
25 1 1888
31 10 1888
12 5 1900
12 8 1313
15 4 1888
2 3 1900
13 9 1910
17 12 1797
6 8 1313
23 10 1920
29 4 1313
29 1 1888
27 9 1313
12 6 1889
8 3 1889
29 10 1889
19 9 1797
15 8 1888
22 7 1900
31 1 1889
24 1 1920
26 1 1910
12 1 1889
27 8 1797
28 4 1910
28 12 1920
23 8 1313
7 9 1900
10 7 1888
20 2 1797
30 7 1313
28 2 1797
25 12 1888
11 4 1313
14 6 1888
16 2 1900
24 2 1313
13 10 1797
8 6 1797
1 11 1313
6 11 1910
9 7 1313
5 12 1900
1 1 1910
23 12 1910
29 2 1889
18 4 1920
23 9 1900
9 1 1888
8 8 1910
11 6 1888
15 3 1797
21 12 1797
16 8 1920
23 2 1910
13 4 1910
22 10 1797
4 10 1313
31 6 1797
27 12 1900
2 4 1900
22 6 1889
16 11 1910
6 9 1797
20 9 1313
30 8 1910
19 11 1313
27 10 1797
17 1 1313
16 4 1910
26 11 1797
26 5 1920
8 1 1797
2 8 1888
19 12 1888
12 3 1797
23 6 1889
30 9 1888
10 5 1889
5 2 1313
6 7 1313
30 4 1888
1 4 1910
5 5 1920
31 5 1910
3 6 1313
29 12 1920
2 2 1797
22 9 1910
14 7 1910
16 1 1910
18 1 1910
20 12 1910
11 2 1889
23 7 1888
4 6 1910
5 9 1920
4 12 1797
0 0 0
