5
3 2 4 5 1 
14
2 5 3 -1 -1 -1 1 -1 -1 -1 -1 -1 -1 4 
31
4 -1 3 -1 -1 -1 1 -1 -1 -1 -1 -1 -1 -1 5 -1 -1 -1 -1 -1 -1 -1 -1 -1 -1 -1 -1 -1 -1 -1 2 
5
4 1 2 3 5 
12
3 4 1 -1 -1 2 -1 -1 -1 -1 -1 5 
9
5 4 2 1 -1 -1 -1 -1 3 
24
1 -1 3 -1 -1 4 -1 -1 -1 -1 -1 5 -1 -1 -1 -1 -1 -1 -1 -1 -1 -1 -1 2 
7
5 3 1 -1 -1 4 2 
15
5 -1 2 -1 -1 4 3 -1 -1 -1 -1 -1 -1 -1 1 
8
5 3 1 2 -1 -1 -1 4 
5
3 2 4 5 1 
10
3 2 1 -1 4 -1 -1 -1 -1 5 
20
1 3 -1 -1 2 -1 -1 -1 -1 5 -1 -1 -1 -1 -1 -1 -1 -1 -1 4 
8
1 5 4 3 -1 -1 -1 2 
7
2 5 3 -1 -1 1 4 
9
5 2 -1 3 -1 -1 -1 4 1 
9
1 2 -1 4 -1 -1 -1 5 3 
15
5 1 2 -1 -1 -1 3 -1 -1 -1 -1 -1 -1 -1 4 
6
2 4 5 3 -1 1 
7
5 1 3 -1 -1 4 2 
0
